function RPM_x_Power_y = Emrax_228_HV_Mech_Loss_Map()

% Free run losses map
% Power vs RPM

RPM_x_Power_y = [
0, 0
24.410774410774934, 45.519456589107904
58.56715301159795, 48.12637150945602
92.72353161242097, 55.07814463038312
126.87991021324399, 55.94711627049901
161.03628881406712, 60.98715178317161
195.19266741489014, 63.594066703519275
229.34904601571316, 66.20098162386694
263.5054246165362, 72.45757743270178
297.6618032173592, 76.45484697723487
331.8181818181822, 82.71144278606971
365.97456041900546, 83.75420875420832
400.1309390198285, 90.35839321908952
434.2873176206515, 93.48669112350717
468.4436962214745, 100.09087558838792
502.60007482229753, 106.8688543812923
536.7564534231205, 111.73509556594126
570.9128320239436, 117.29651406268295
605.0692106247666, 125.63864180779592
639.2255892255898, 132.76420925674665
673.3819678264128, 138.15183342546516
707.5383464272359, 144.0608405782532
741.6947250280589, 151.88158533929663
775.8511036288819, 160.3975074124328
810.0074822297049, 167.69686918940624
844.1638608305279, 175.5176139504497
878.320239431351, 185.25009631974808
912.476618032174, 192.54945809672154
946.6329966329972, 199.84881987369545
980.7893752338202, 209.2337135869475
1014.9457538346433, 218.61860730019907
1049.1021324354663, 227.3083237013584
1083.2585110362893, 238.43116069484222
1117.4148896371123, 247.29467142402427
1151.5712682379353, 257.5485367773922
1185.7276468387583, 269.01896242692237
1219.8840254395816, 279.62041643633665
1254.0404040404046, 291.9598137259827
1288.1967826412274, 301.6922960952811
1322.3531612420506, 313.1627217448113
1356.509539842874, 325.8497076905037
1390.6659184436967, 335.92977871584844
1424.82229704452, 347.92158734944815
1458.9786756453427, 358.87063001490833
1493.135054246166, 371.55761596060074
1527.2914328469888, 381.4638926579223
1561.447811447812, 392.58672965140613
1595.6041900486348, 404.2309496289595
1629.760568649458, 414.31102065430423
1663.9169472502813, 426.6504179439503
1698.073325851104, 436.2091059852255
1732.2297044519273, 447.8533259627784
1766.38608305275, 459.32375161230857
1800.5424616535734, 469.92520562172285
1834.6988402543961, 482.09080858334573
1868.8552188552194, 492.8660569207832
1903.0115974560426, 506.4220145065915
1937.1679760568654, 517.5448515000753
1971.3243546576887, 532.3173693820459
2005.4807332585115, 543.0926177194833
2039.6371118593347, 559.0816958976161
2073.7934904601575, 571.4210931872626
2107.9498690609807, 587.2363770373722
2142.1062476618035, 601.1399232792269
2176.262626262627, 616.9552071293365
2210.41900486345, 631.3801363552607
2244.575383464273, 647.3692145333935
2278.731762065096, 663.1844983835035
2312.888140665919, 678.8259879055895
2347.044519266742, 695.6840377238386
2381.200897867565, 711.6731159019714
2415.357276468388, 728.7049600482437
2449.5136550692114, 746.2581871785851
2483.670033670034, 762.5948540127647
2517.8264122708574, 779.2791095029897
2551.98279087168, 797.1799252893779
2586.1391694725035, 812.6476204834412
2620.2955480733262, 830.0270532857598
2654.4519266741495, 846.0161314638926
2688.6083052749723, 862.8741812821413
2722.7646838757955, 881.1225857245759
2756.9210624766188, 898.5020185268941
2791.0774410774416, 916.9242172973513
2825.233819678265, 937.7795366601335
2859.3901982790876, 958.2872673668694
2893.546576879911, 979.8377640417439
2927.7029554807336, 1000.6930834045261
2961.859334081557, 1022.9387573914933
2996.0157126823797, 1046.7485803306695
3030.172091283203, 1069.863225957753
3064.328469884026, 1093.1516659128597
3098.484848484849, 1116.7876945240127
3132.641227085672, 1140.0761344791194
3166.797605686495, 1162.8431914501566
3200.9539842873182, 1187.0006030453792
3235.110362888141, 1210.9842203125786
3269.2667414889643, 1234.6202489237312
3303.423120089787, 1258.951454846977
3337.5794986906108, 1283.282660770223
3371.7358772914336, 1307.7876610214919
3405.8922558922563, 1332.2926612727606
3440.048634493079, 1356.7976615240295
3474.205013093903, 1381.4764561033217
3508.3613916947256, 1406.8504279947065
3542.5177702955484, 1431.7030169020218
3576.674148896372, 1457.0769887934066
3610.830527497195, 1483.1461379968841
3644.9869060980177, 1507.9987269041994
3679.1432846988405, 1534.9368477477929
3713.299663299664, 1561.52737993534
3747.456041900487, 1587.4227348107945
3781.6124205013098, 1614.8822386384575
3815.7687991021326, 1642.6893311221668
3849.9251777029563, 1669.8012462937834
3884.081556303779, 1696.5655728093536
3918.237934904602, 1726.6319915573645
3952.3943135054255, 1755.1342613531667
3986.5506921062483, 1783.984119805015
4020.707070707071, 1814.2243328810491
4054.863449307894, 1844.6383402851063
4089.0198279087176, 1875.7475250012562
4123.176206509541, 1906.8567097174061
4157.332585110364, 1939.0086604016951
4191.488963711186, 1971.6819940700536
4225.645342312009, 2003.4863560982963
4259.801720912832, 2037.0286614067707
4293.958099513655, 2070.744761043268
4328.114478114479, 2104.287066351743
4362.270856715302, 2138.176960316264
4396.427235316125, 2172.4144429368307
4430.583613916948, 2206.9995142134444
4464.739992517771, 2241.2369968340117
4498.896371118593, 2276.691039750741
4533.052749719416, 2311.449905355378
4567.209128320241, 2346.730153944084
4601.365506921064, 2382.357991188837
4635.521885521886, 2418.333417089636
4669.678264122709, 2453.092282694273
4703.834642723532, 2488.8939142670483
4737.991021324355, 2524.0003685277316
4772.1473999251775, 2559.6282057724843
4806.303778526002, 2594.9084543611907
4840.460157126825, 2629.667319965827
4874.616535727648, 2665.6427458666262
4908.7729143284705, 2699.532639831147
4942.929292929293, 2734.6390940918304
4977.085671530116, 2768.7027823843746
4998.82154882155, 2790.369141944598
];

end