function [swi_x_swe_y, rri_x_rre_y, ci_x_cp_y, di_x_dp_y] = PM_100_DZ_Map()

    Ic = [0, 100, 200, 300, 400, 500, 600, 700, 800, 900];
    
    % IGBT Eon switching losses
    % energy [J]
    
    sw_eon = [0, 0.00470588235294, 0.00676470588235, 0.00897058823529, 0.0111764705882, 0.0136764705882, 0.0160294117647, 0.0177941176471, 0.0194117647059, 0.0207352941176];
    
    % IGBT Eoff switching losses
    % energy [J]
    
    sw_eoff = [0, 0.00632352941176, 0.0154411764706, 0.0244117647059, 0.0336764705882, 0.0430882352941, 0.0530882352941, 0.0647058823529, 0.0767647058824, 0.0888235294118];
    
    % IGBT total switching losses map
    % current [A] vs energy [J]
    
    swi_x_swe_y = [Ic', sw_eon' + sw_eoff'];
    
    % Reverse recovery losses map
    % current [A] vs energy [J]
    
    rre_y = [0, 0.00352941176471, 0.00661764705882, 0.00970588235294, 0.0129411764706, 0.0166176470588, 0.0204411764706, 0.0230882352941, 0.0245588235294, 0.0251470588235];
    rri_x_rre_y = [Ic', rre_y'];
    
    % IGBT conduction losses map
    % current [A] vs power [W]

    % Tj = 25 degC

    % ci_25 = [0, 0.001, 17.699, 35.398, 53.097, 70.796, 88.496, 106.195, 127.434, 200, 400, 600, 800, 1000, 1200];
    % cv_25 = [0, 0.625, 0.7353, 0.8015, 0.8529, 0.8897, 0.9265, 0.9632, 1, 1.11, 1.382, 1.625, 1.86, 2.103, 2.338];
    % ci_x_cp_y = [ci_25', (cv_25 .* ci_25)'];

    % Tj = 150 degC
    
    ci_150 = [0, 0.001, 17.699, 35.398, 53.097, 70.796, 88.496, 106.195, 123.894, 141.593, 157.522, 200, 400, 600, 800, 1000, 1200];
    cv_150 = [0, 0.368, 0.5, 0.603, 0.684, 0.75, 0.816, 0.868, 0.919, 0.956, 1, 1.118, 1.574, 1.993, 2.412, 2.846, 3.309];
    ci_x_cp_y = [ci_150', (cv_150 .* ci_150)'];
    
    % FWD conduction losses map
    % current [A] vs power [W]

    % Tj = 25 degC
    
    % di_25 = [0, 0, 17.699, 37.168, 70.796, 106.195, 141.593, 176.991, 200, 322.124, 400, 600, 800, 1000, 1200];
    % dv_25 = [0, 0.73, 0.894, 1, 1.106, 1.195, 1.257, 1.314, 1.345, 1.5, 1.584, 1.774, 1.951, 2.115, 2.274];
    % di_x_dp_y = [di_25', (dv_25 .* di_25)'];
    
    % Tj = 150 degC

    di_150 = [0, 0.001, 7.08, 17.699, 35.398, 53.097, 70.796, 84.956, 200, 297.345, 400, 600, 800, 1000, 1200];
    dv_150 = [0, 0.288, 0.5, 0.677, 0.783, 0.872, 0.947, 1, 1.301, 1.5, 1.677, 1.996, 2.274, 2.535, 2.783];
    di_x_dp_y = [di_150', (dv_150 .* di_150)'];

end